0.500000	59.231960
0.510000	59.473922
0.520000	59.422264
0.530000	59.697145
0.540000	59.976035
0.550000	60.012504
0.560000	60.609964
0.570000	60.711530
0.580000	60.920007
0.590000	61.057706
0.600000	60.981385
0.610000	61.132412
0.620000	61.113898
0.630000	61.642913
0.640000	61.583625
0.650000	61.656101
0.660000	62.048929
0.670000	61.955139
0.680000	62.047513
0.690000	62.603495
0.700000	62.698240
0.710000	62.838413
0.720000	62.604354
0.730000	62.788638
0.740000	63.226701
0.750000	63.336722
0.760000	63.198589
0.770000	63.341302
0.780000	63.499650
0.790000	63.640629
0.800000	63.584821
0.810000	64.144357
0.820000	64.183338
0.830000	64.230249
0.840000	64.506362
0.850000	64.197250
0.860000	64.501598
0.870000	64.620071
0.880000	64.529285
0.890000	64.893347
0.900000	64.881635
0.910000	65.129342
0.920000	65.235440
0.930000	65.141864
0.940000	65.509081
0.950000	65.579229
0.960000	65.787320
0.970000	65.698810
0.980000	65.673351
0.990000	65.662705
1.000000	66.171004
1.010000	66.131141
1.020000	66.255212
1.030000	66.053586
1.040000	66.177242
1.050000	66.600417
1.060000	66.605390
1.070000	66.765293
1.080000	66.550449
1.090000	66.930298
1.100000	67.005554
1.110000	67.117366
1.120000	66.789897
1.130000	66.973204
1.140000	67.358493
1.150000	67.491263
1.160000	67.163047
1.170000	67.329444
1.180000	67.286015
1.190000	67.613651
1.200000	67.638475
1.210000	67.597547
1.220000	67.679863
1.230000	67.700364
1.240000	67.734664
1.250000	67.902462
1.260000	68.210460
1.270000	68.257934
1.280000	68.505913
1.290000	68.428987
1.300000	68.407019
1.310000	68.443826
1.320000	68.332237
1.330000	68.508068
1.340000	68.692667
1.350000	68.711571
1.360000	68.682253
1.370000	68.726170
1.380000	68.753105
1.390000	69.218848
1.400000	69.035132
1.410000	69.311775
1.420000	69.245170
1.430000	69.238317
1.440000	69.287688
1.450000	69.360206
1.460000	69.324912
1.470000	69.749187
1.480000	69.567893
1.490000	69.507005
1.500000	69.713610
1.510000	70.040052
1.520000	69.747689
1.530000	69.889008
1.540000	70.061741
1.550000	70.127635
1.560000	70.316496
1.570000	70.010513
1.580000	70.461966
1.590000	70.566259
1.600000	70.540107
1.610000	70.279021
1.620000	70.341823
1.630000	70.487477
1.640000	70.584096
1.650000	70.781783
1.660000	70.934588
1.670000	70.957725
1.680000	70.974770
1.690000	70.921264
1.700000	70.934201
1.710000	71.068585
1.720000	71.147059
1.730000	70.934585
1.740000	71.419292
1.750000	71.255572
1.760000	71.105357
1.770000	71.293943
1.780000	71.446567
1.790000	71.532119
1.800000	71.671035
1.810000	71.666156
1.820000	71.715752
1.830000	71.728995
1.840000	71.635711
1.850000	71.932269
1.860000	71.855770
1.870000	71.881313
1.880000	71.758599
1.890000	72.168240
1.900000	71.875237
1.910000	72.230861
1.920000	71.921267
1.930000	72.328509
1.940000	72.171165
1.950000	72.274793
1.960000	72.117808
1.970000	72.288629
1.980000	72.562838
1.990000	72.701122
2.000000	72.662133
2.010000	72.405871
2.020000	72.553975
2.030000	72.874339
2.040000	72.545097
2.050000	72.946320
2.060000	72.805778
2.070000	73.076067
2.080000	72.929603
2.090000	72.968555
2.100000	73.170928
2.110000	72.884878
2.120000	72.978087
2.130000	72.962888
2.140000	73.321305
2.150000	73.280350
2.160000	73.333179
2.170000	73.427191
2.180000	73.164399
2.190000	73.635684
2.200000	73.254204
2.210000	73.685898
2.220000	73.317517
2.230000	73.757644
2.240000	73.665499
2.250000	73.829128
2.260000	73.805034
2.270000	73.969289
2.280000	73.627869
2.290000	73.610154
2.300000	73.655985
2.310000	74.135602
2.320000	74.178663
2.330000	74.202970
2.340000	74.120890
2.350000	73.887013
2.360000	74.181992
2.370000	74.101938
2.380000	74.289844
2.390000	74.090175
2.400000	74.515177
2.410000	74.107456
2.420000	74.505036
2.430000	74.477949
2.440000	74.371496
2.450000	74.658329
2.460000	74.442313
2.470000	74.512566
2.480000	74.763996
2.490000	74.808388
2.500000	74.507677
2.510000	74.839458
2.520000	74.824848
2.530000	74.826663
2.540000	74.756221
2.550000	74.664027
2.560000	74.651228
2.570000	74.787652
2.580000	74.787983
2.590000	74.868096
2.600000	75.252750
2.610000	75.115115
2.620000	75.151027
2.630000	75.007989
2.640000	75.311007
2.650000	74.959814
2.660000	75.051433
2.670000	75.346878
2.680000	75.511071
2.690000	75.288064
2.700000	75.514059
2.710000	75.609300
2.720000	75.237916
2.730000	75.410805
2.740000	75.750925
2.750000	75.583593
2.760000	75.762170
2.770000	75.797319
2.780000	75.767273
2.790000	75.912079
2.800000	75.821105
2.810000	75.539890
2.820000	75.684709
2.830000	75.671544
2.840000	75.684787
2.850000	75.787176
2.860000	75.800759
2.870000	75.812971
2.880000	76.000467
2.890000	75.930435
2.900000	75.944747
2.910000	75.872949
2.920000	76.309428
2.930000	75.967743
2.940000	76.264016
2.950000	75.963355
2.960000	76.439446
2.970000	76.275199
2.980000	76.526209
2.990000	76.097374
3.000000	76.468792
3.010000	76.540467
3.020000	76.508590
3.030000	76.489067
3.040000	76.502794
3.050000	76.477288
3.060000	76.575718
3.070000	76.472732
3.080000	76.443909
3.090000	76.837810
3.100000	76.520742
3.110000	76.674732
3.120000	76.668326
3.130000	76.957177
3.140000	76.947049
3.150000	76.579066
3.160000	76.900422
3.170000	76.838498
3.180000	76.679937
3.190000	76.909914
3.200000	76.929489
3.210000	77.194668
3.220000	76.894281
3.230000	77.297112
3.240000	77.093464
3.250000	77.277974
3.260000	76.997607
3.270000	77.020236
3.280000	77.397568
3.290000	77.347203
3.300000	77.385282
3.310000	77.239208
3.320000	77.426164
3.330000	77.301612
3.340000	77.614320
3.350000	77.418292
3.360000	77.388270
3.370000	77.239465
3.380000	77.654298
3.390000	77.587564
3.400000	77.469775
3.410000	77.663186
3.420000	77.477237
3.430000	77.439956
3.440000	77.546802
3.450000	77.477245
3.460000	77.939665
3.470000	77.880160
3.480000	77.735241
3.490000	77.718084
3.500000	77.900545
3.510000	77.633061
3.520000	77.621142
3.530000	77.732700
3.540000	77.790995
3.550000	78.178964
3.560000	77.814540
3.570000	77.763846
3.580000	77.805944
3.590000	77.967621
3.600000	78.231506
3.610000	77.854272
3.620000	77.931633
3.630000	77.983799
3.640000	78.391192
3.650000	78.439619
3.660000	78.441605
3.670000	78.471130
3.680000	78.129811
3.690000	78.171606
3.700000	78.258065
3.710000	78.528825
3.720000	78.595276
3.730000	78.455697
3.740000	78.304237
3.750000	78.235925
3.760000	78.314976
3.770000	78.609968
3.780000	78.603300
3.790000	78.551371
3.800000	78.729509
3.810000	78.567995
3.820000	78.520023
3.830000	78.676383
3.840000	78.726376
3.850000	78.439128
3.860000	78.472464
3.870000	78.505306
3.880000	78.533303
3.890000	78.560503
3.900000	79.030642
3.910000	78.613202
3.920000	78.822559
3.930000	79.096262
3.940000	78.895652
3.950000	78.769591
3.960000	79.186702
3.970000	79.195403
3.980000	79.069930
3.990000	78.794451
4.000000	78.884823
4.010000	78.824569
4.020000	79.077195
4.030000	79.322007
4.040000	79.158231
4.050000	79.111633
4.060000	79.215309
4.070000	79.043915
4.080000	79.295198
4.090000	79.143056
4.100000	79.320347
4.110000	79.203155
4.120000	79.123683
4.130000	79.111602
4.140000	79.460666
4.150000	79.531819
4.160000	79.318636
4.170000	79.220150
4.180000	79.214957
4.190000	79.646011
4.200000	79.338855
4.210000	79.626544
4.220000	79.507909
4.230000	79.683967
4.240000	79.461374
4.250000	79.582629
4.260000	79.753097
4.270000	79.745839
4.280000	79.822648
4.290000	79.689454
4.300000	79.831605
4.310000	79.929636
4.320000	79.848491
4.330000	79.527374
4.340000	79.612315
4.350000	79.911065
4.360000	79.613099
4.370000	80.067448
4.380000	79.986280
4.390000	80.117251
4.400000	79.799168
4.410000	80.027896
4.420000	80.088993
4.430000	79.909210
4.440000	79.945046
4.450000	80.029976
4.460000	80.143340
4.470000	80.091534
4.480000	79.959464
4.490000	80.222829
4.500000	80.223553
4.510000	79.984662
4.520000	80.135337
4.530000	79.974864
4.540000	79.985907
4.550000	80.271039
4.560000	79.996931
4.570000	80.080651
4.580000	80.424747
4.590000	80.316726
4.600000	80.376890
4.610000	80.540067
4.620000	80.479619
4.630000	80.471686
4.640000	80.514588
4.650000	80.271468
4.660000	80.360083
4.670000	80.309424
4.680000	80.299160
4.690000	80.353010
4.700000	80.571898
4.710000	80.465888
4.720000	80.547221
4.730000	80.386490
4.740000	80.609816
4.750000	80.717903
4.760000	80.372916
4.770000	80.855293
4.780000	80.690123
4.790000	80.885057
4.800000	80.843669
4.810000	80.454422
4.820000	80.675861
4.830000	80.633060
4.840000	80.567217
4.850000	80.944974
4.860000	80.702242
4.870000	80.744225
4.880000	81.017997
4.890000	80.779588
4.900000	80.835988
4.910000	81.063559
4.920000	80.978189
4.930000	80.982322
4.940000	81.057546
4.950000	81.092257
4.960000	80.864730
4.970000	80.728241
4.980000	81.198270
4.990000	80.807548
5.000000	81.208541
5.010000	81.272835
5.020000	81.243956
5.030000	81.165870
5.040000	81.124433
5.050000	81.089418
5.060000	81.046061
5.070000	80.942364
5.080000	81.081454
5.090000	81.356871
5.100000	80.990883
5.110000	81.037185
5.120000	81.127974
5.130000	81.415414
5.140000	81.295826
5.150000	81.195604
5.160000	81.442205
5.170000	81.507987
5.180000	81.371557
5.190000	81.382722
5.200000	81.475125
5.210000	81.302592
5.220000	81.622084
5.230000	81.228659
5.240000	81.583674
5.250000	81.368126
5.260000	81.277021
5.270000	81.511013
5.280000	81.578120
5.290000	81.575757
5.300000	81.661553
5.310000	81.383304
5.320000	81.704838
5.330000	81.720362
5.340000	81.778227
5.350000	81.638481
5.360000	81.680494
5.370000	81.531052
5.380000	81.663479
5.390000	81.927402
5.400000	81.515024
5.410000	81.629092
5.420000	81.487299
5.430000	81.900850
5.440000	81.875383
5.450000	81.927963
5.460000	81.743369
5.470000	81.968769
5.480000	81.920947
5.490000	82.048262
5.500000	81.927057
5.510000	81.952591
5.520000	81.644310
5.530000	82.084977
5.540000	81.762809
5.550000	81.816597
5.560000	81.790341
5.570000	81.985067
5.580000	81.989953
5.590000	82.096460
5.600000	82.153672
5.610000	81.904471
5.620000	82.249561
5.630000	81.971053
5.640000	81.910767
5.650000	81.952129
5.660000	81.922605
5.670000	82.155336
5.680000	82.204149
5.690000	82.022634
5.700000	82.208259
5.710000	82.108490
5.720000	82.302903
5.730000	82.125833
5.740000	82.211957
5.750000	82.099736
5.760000	82.214867
5.770000	82.328361
5.780000	82.077875
5.790000	82.121563
5.800000	82.136461
5.810000	82.120765
5.820000	82.430013
5.830000	82.382082
5.840000	82.523187
5.850000	82.334806
5.860000	82.436298
5.870000	82.299655
5.880000	82.481540
5.890000	82.649273
5.900000	82.493041
5.910000	82.714127
5.920000	82.244897
5.930000	82.480596
5.940000	82.516410
5.950000	82.635801
5.960000	82.638248
5.970000	82.803493
5.980000	82.455719
5.990000	82.611009
6.000000	82.379115
6.010000	82.489405
6.020000	82.646795
6.030000	82.635577
6.040000	82.557927
6.050000	82.490143
6.060000	82.604671
6.070000	82.867055
6.080000	82.776401
6.090000	82.598283
6.100000	82.728351
6.110000	82.999447
6.120000	82.879953
6.130000	82.544985
6.140000	82.820464
6.150000	82.877155
6.160000	82.760529
6.170000	82.712628
6.180000	82.877829
6.190000	82.989623
6.200000	82.674022
6.210000	82.847901
6.220000	82.901242
6.230000	83.095515
6.240000	82.977359
6.250000	83.012893
6.260000	82.735718
6.270000	82.962427
6.280000	82.797681
6.290000	83.082888
6.300000	83.143307
6.310000	82.834578
6.320000	83.145346
6.330000	83.141166
6.340000	82.829483
6.350000	83.290784
6.360000	83.104576
6.370000	82.953698
6.380000	83.150193
6.390000	83.222783
6.400000	83.023410
6.410000	83.121209
6.420000	83.307806
6.430000	83.391728
6.440000	83.139990
6.450000	83.150871
6.460000	83.301771
6.470000	83.458895
6.480000	83.453676
6.490000	83.191380
6.500000	83.301396
6.510000	83.432883
6.520000	83.494563
6.530000	83.520241
6.540000	83.277309
6.550000	83.185040
6.560000	83.196043
6.570000	83.110002
6.580000	83.612967
6.590000	83.593975
6.600000	83.534320
6.610000	83.555926
6.620000	83.447058
6.630000	83.539392
6.640000	83.227416
6.650000	83.239337
6.660000	83.524082
6.670000	83.356653
6.680000	83.246497
6.690000	83.640983
6.700000	83.482887
6.710000	83.777216
6.720000	83.329798
6.730000	83.369142
6.740000	83.803287
6.750000	83.769861
6.760000	83.463579
6.770000	83.613478
6.780000	83.407004
6.790000	83.697496
6.800000	83.699853
6.810000	83.743511
6.820000	83.835593
6.830000	83.812121
6.840000	83.467064
6.850000	83.492680
6.860000	83.735115
6.870000	83.636563
6.880000	83.609571
6.890000	83.510395
6.900000	83.596377
6.910000	83.998349
6.920000	83.703851
6.930000	83.795361
6.940000	83.743270
6.950000	83.900505
6.960000	83.814434
6.970000	84.039634
6.980000	83.734703
6.990000	83.956707
7.000000	83.893652
7.010000	83.662872
7.020000	83.990439
7.030000	83.812051
7.040000	83.727091
7.050000	83.919687
7.060000	84.038562
7.070000	84.098872
7.080000	84.134138
7.090000	83.945785
7.100000	83.995307
7.110000	84.071646
7.120000	84.129249
7.130000	83.983719
7.140000	83.966716
7.150000	83.960632
7.160000	84.042357
7.170000	84.154420
7.180000	84.156634
7.190000	84.016797
7.200000	84.150743
7.210000	84.290574
7.220000	83.967358
7.230000	84.037802
7.240000	83.923547
7.250000	84.311729
7.260000	84.320866
7.270000	84.131731
7.280000	84.104881
7.290000	84.451875
7.300000	84.242388
7.310000	83.985199
7.320000	84.418457
7.330000	84.296714
7.340000	84.441415
7.350000	84.410156
7.360000	84.084963
7.370000	84.240472
7.380000	84.542211
7.390000	84.320286
7.400000	84.272581
7.410000	84.364265
7.420000	84.585116
7.430000	84.332090
7.440000	84.550913
7.450000	84.201048
7.460000	84.188114
7.470000	84.324812
7.480000	84.197976
7.490000	84.444454
7.500000	84.665548
7.510000	84.334034
7.520000	84.244094
7.530000	84.287488
7.540000	84.306652
7.550000	84.504941
7.560000	84.480638
7.570000	84.389301
7.580000	84.604381
7.590000	84.339835
7.600000	84.413878
7.610000	84.592994
7.620000	84.484354
7.630000	84.580570
7.640000	84.497128
7.650000	84.351653
7.660000	84.551050
7.670000	84.612858
7.680000	84.435600
7.690000	84.687561
7.700000	84.873057
7.710000	84.446394
7.720000	84.566114
7.730000	84.686590
7.740000	84.655874
7.750000	84.912313
7.760000	84.813032
7.770000	84.831552
7.780000	84.792290
7.790000	84.500478
7.800000	84.813708
7.810000	84.662256
7.820000	84.563557
7.830000	84.563525
7.840000	84.984117
7.850000	84.669406
7.860000	84.800469
7.870000	84.757031
7.880000	84.704730
7.890000	84.714401
7.900000	84.942517
7.910000	84.631011
7.920000	85.006879
7.930000	84.768531
7.940000	85.051942
7.950000	84.884366
7.960000	84.768597
7.970000	84.771919
7.980000	84.828571
7.990000	85.178902
8.000000	84.785498
8.010000	85.125904
8.020000	85.132323
8.030000	84.984224
8.040000	85.062180
8.050000	84.924215
8.060000	84.907773
8.070000	85.163846
8.080000	84.819610
8.090000	84.884278
8.100000	85.010690
8.110000	84.990322
8.120000	85.193921
8.130000	85.053248
8.140000	85.224047
8.150000	84.847584
8.160000	85.344212
8.170000	84.995641
8.180000	85.247482
8.190000	84.890543
8.200000	85.317616
8.210000	85.263318
8.220000	84.955887
8.230000	85.343927
8.240000	85.330746
8.250000	84.931227
8.260000	85.268795
8.270000	85.264163
8.280000	85.062524
8.290000	85.184043
8.300000	85.442397
8.310000	85.213739
8.320000	85.049354
8.330000	85.343513
8.340000	85.498644
8.350000	85.239664
8.360000	85.150135
8.370000	85.484033
8.380000	85.525861
8.390000	85.254439
8.400000	85.449398
8.410000	85.126867
8.420000	85.197865
8.430000	85.146251
8.440000	85.114785
8.450000	85.371588
8.460000	85.251501
8.470000	85.148129
8.480000	85.515023
8.490000	85.420029
8.500000	85.599123
8.510000	85.447805
8.520000	85.660403
8.530000	85.561229
8.540000	85.668550
8.550000	85.572220
8.560000	85.343467
8.570000	85.264321
8.580000	85.572383
8.590000	85.643521
8.600000	85.322526
8.610000	85.412849
8.620000	85.508261
8.630000	85.625354
8.640000	85.580359
8.650000	85.318255
8.660000	85.785410
8.670000	85.595750
8.680000	85.604508
8.690000	85.614571
8.700000	85.635148
8.710000	85.411377
8.720000	85.369501
8.730000	85.567606
8.740000	85.505803
8.750000	85.722778
8.760000	85.879361
8.770000	85.518623
8.780000	85.786924
8.790000	85.745652
8.800000	85.689038
8.810000	85.879687
8.820000	85.771416
8.830000	85.718166
8.840000	85.499615
8.850000	85.477364
8.860000	85.951844
8.870000	85.846535
8.880000	85.934195
8.890000	85.944930
8.900000	85.902891
8.910000	85.781750
8.920000	85.693740
8.930000	85.671318
8.940000	85.776531
8.950000	85.551950
8.960000	85.768407
8.970000	85.923334
8.980000	85.777930
8.990000	85.883257
9.000000	85.884707
9.010000	86.086852
9.020000	85.743808
9.030000	85.635469
9.040000	86.057648
9.050000	86.074474
9.060000	85.824747
9.070000	85.721415
9.080000	85.739830
9.090000	85.744764
9.100000	85.969132
9.110000	86.105411
9.120000	85.709878
9.130000	85.991009
9.140000	85.827968
9.150000	85.821422
9.160000	86.084494
9.170000	85.819894
9.180000	85.789892
9.190000	85.971034
9.200000	85.849382
9.210000	85.946537
9.220000	85.860457
9.230000	86.219970
9.240000	85.891324
9.250000	86.063952
9.260000	85.883174
9.270000	86.032632
9.280000	86.227747
9.290000	86.060649
9.300000	86.272055
9.310000	86.168419
9.320000	86.122068
9.330000	86.115280
9.340000	86.076555
9.350000	86.277799
9.360000	86.200607
9.370000	85.979568
9.380000	86.394112
9.390000	86.147271
9.400000	86.165499
9.410000	86.300762
9.420000	86.263751
9.430000	86.296872
9.440000	86.053114
9.450000	86.141272
9.460000	86.130547
9.470000	86.386112
9.480000	86.460533
9.490000	86.121687
9.500000	86.476075
9.510000	86.297051
9.520000	86.097104
9.530000	86.242952
9.540000	86.081014
9.550000	86.376544
9.560000	86.413389
9.570000	86.281665
9.580000	86.390949
9.590000	86.416000
9.600000	86.170942
9.610000	86.142324
9.620000	86.320013
9.630000	86.586913
9.640000	86.535138
9.650000	86.121722
9.660000	86.584084
9.670000	86.563694
9.680000	86.230913
9.690000	86.623200
9.700000	86.266963
9.710000	86.460571
9.720000	86.413969
9.730000	86.409437
9.740000	86.292739
9.750000	86.208724
9.760000	86.268467
9.770000	86.524070
9.780000	86.552048
9.790000	86.635411
9.800000	86.348644
9.810000	86.232311
9.820000	86.507475
9.830000	86.335221
9.840000	86.703166
9.850000	86.387896
9.860000	86.372118
9.870000	86.523994
9.880000	86.400219
9.890000	86.287522
9.900000	86.774940
9.910000	86.743326
9.920000	86.780769
9.930000	86.730644
9.940000	86.506071
9.950000	86.367586
9.960000	86.696340
9.970000	86.678433
9.980000	86.561896
9.990000	86.423069
10.000000	86.512164
10.010000	86.705904
10.020000	86.624843
10.030000	86.747312
10.040000	86.711097
10.050000	86.428095
10.060000	86.898612
10.070000	86.498912
10.080000	86.645627
10.090000	86.702823
10.100000	86.757590
10.110000	86.842637
10.120000	86.831731
10.130000	86.598847
10.140000	86.547683
10.150000	86.885513
10.160000	86.798766
10.170000	86.782479
10.180000	86.724201
10.190000	86.798214
10.200000	86.688509
10.210000	86.939472
10.220000	86.753355
10.230000	86.750645
10.240000	86.677853
10.250000	86.811280
10.260000	86.828795
10.270000	86.619786
10.280000	86.915165
10.290000	86.661450
10.300000	86.708019
10.310000	86.924408
10.320000	86.677214
10.330000	86.799692
10.340000	86.699377
10.350000	86.671672
10.360000	87.015996
10.370000	86.780122
10.380000	86.862953
10.390000	86.662914
10.400000	86.677189
10.410000	86.801635
10.420000	86.806924
10.430000	86.825402
10.440000	86.990080
10.450000	86.879876
10.460000	87.092500
10.470000	87.120247
10.480000	86.964659
10.490000	86.865484
10.500000	86.974122
10.510000	86.835138
10.520000	86.900497
10.530000	87.147896
10.540000	87.162287
10.550000	86.773319
10.560000	87.215353
10.570000	86.757110
10.580000	86.795667
10.590000	87.139524
10.600000	86.955597
10.610000	86.880430
10.620000	87.200388
10.630000	87.217841
10.640000	87.181682
10.650000	86.975883
10.660000	87.292149
10.670000	86.977390
10.680000	87.103386
10.690000	86.938506
10.700000	87.127825
10.710000	86.999100
10.720000	87.199675
10.730000	86.889528
10.740000	86.905597
10.750000	86.958875
10.760000	86.969208
10.770000	86.957570
10.780000	87.021915
10.790000	86.983484
10.800000	86.916158
10.810000	86.940361
10.820000	86.922470
10.830000	87.224240
10.840000	87.059421
10.850000	87.165126
10.860000	87.024479
10.870000	87.348488
10.880000	86.958920
10.890000	87.212181
10.900000	87.420726
10.910000	87.342249
10.920000	87.364241
10.930000	87.163424
10.940000	87.468527
10.950000	87.170686
10.960000	87.436231
10.970000	87.373111
10.980000	87.223096
10.990000	87.275251
11.000000	87.192254
11.010000	87.087818
11.020000	87.430110
11.030000	87.280584
11.040000	87.120908
11.050000	87.298489
11.060000	87.514889
11.070000	87.287362
11.080000	87.402488
11.090000	87.310132
11.100000	87.143931
11.110000	87.266651
11.120000	87.247122
11.130000	87.106834
11.140000	87.193685
11.150000	87.553778
11.160000	87.490105
11.170000	87.163576
11.180000	87.209300
11.190000	87.610547
11.200000	87.587250
11.210000	87.315155
11.220000	87.390461
11.230000	87.523781
11.240000	87.385103
11.250000	87.444852
11.260000	87.658018
11.270000	87.437884
11.280000	87.603597
11.290000	87.568678
11.300000	87.285877
11.310000	87.608544
11.320000	87.225521
11.330000	87.586363
11.340000	87.476770
11.350000	87.405175
11.360000	87.619796
11.370000	87.601542
11.380000	87.475476
11.390000	87.670884
11.400000	87.673984
11.410000	87.679934
11.420000	87.528245
11.430000	87.365435
11.440000	87.581438
11.450000	87.749832
11.460000	87.445924
11.470000	87.484033
11.480000	87.477655
11.490000	87.682102
11.500000	87.673557
11.510000	87.469560
11.520000	87.769545
11.530000	87.384401
11.540000	87.381683
11.550000	87.837419
11.560000	87.671591
11.570000	87.749895
11.580000	87.443244
11.590000	87.533212
11.600000	87.382344
11.610000	87.667466
11.620000	87.854513
11.630000	87.621820
11.640000	87.579491
11.650000	87.667081
11.660000	87.460875
11.670000	87.803803
11.680000	87.621777
11.690000	87.507163
11.700000	87.631430
11.710000	87.580799
11.720000	87.599806
11.730000	87.461580
11.740000	87.580877
11.750000	87.698003
11.760000	87.543086
11.770000	87.666176
11.780000	87.710171
11.790000	87.752874
11.800000	87.770731
11.810000	87.666791
11.820000	87.613648
11.830000	87.586292
11.840000	87.797509
11.850000	87.687144
11.860000	87.855199
11.870000	87.929593
11.880000	87.944862
11.890000	87.886391
11.900000	87.691717
11.910000	87.816266
11.920000	87.837334
11.930000	87.807728
11.940000	87.643601
11.950000	87.748798
11.960000	88.015794
11.970000	87.712166
11.980000	87.687477
11.990000	87.862832
12.000000	87.796425
12.010000	88.032714
12.020000	87.970477
12.030000	87.963959
12.040000	87.781713
12.050000	87.639419
12.060000	87.799381
12.070000	88.017755
12.080000	87.759958
12.090000	88.131415
12.100000	87.666880
12.110000	88.070656
12.120000	87.768374
12.130000	87.802118
12.140000	87.905323
12.150000	87.977157
12.160000	87.988005
12.170000	88.179971
12.180000	87.939807
12.190000	88.017995
12.200000	88.020989
12.210000	88.026463
12.220000	87.909983
12.230000	88.075521
12.240000	87.885844
12.250000	87.928165
12.260000	88.122352
12.270000	88.002788
12.280000	88.062043
12.290000	87.960796
12.300000	87.863981
12.310000	88.022319
12.320000	88.010481
12.330000	87.850253
12.340000	88.019726
12.350000	88.031023
12.360000	87.817302
12.370000	87.847049
12.380000	87.965779
12.390000	88.309434
12.400000	88.126101
12.410000	88.199958
12.420000	87.965281
12.430000	88.099349
12.440000	87.848793
12.450000	88.254379
12.460000	87.968238
12.470000	88.178923
12.480000	88.172437
12.490000	87.942913
12.500000	88.246734
12.510000	88.039191
12.520000	87.996497
12.530000	88.238823
12.540000	88.052144
12.550000	88.151142
12.560000	88.114685
12.570000	88.303079
12.580000	88.180161
12.590000	88.372686
12.600000	87.988438
12.610000	88.374580
12.620000	88.066988
12.630000	88.405704
12.640000	87.971389
12.650000	88.219363
12.660000	87.954924
12.670000	88.023859
12.680000	88.386854
12.690000	88.283145
12.700000	88.383721
12.710000	88.323273
12.720000	88.048592
12.730000	88.318118
12.740000	88.221933
12.750000	88.456506
12.760000	88.441033
12.770000	88.356869
12.780000	88.330009
12.790000	88.141492
12.800000	88.369902
12.810000	88.390837
12.820000	88.409819
12.830000	88.230187
12.840000	88.068832
12.850000	88.392699
12.860000	88.245247
12.870000	88.470096
12.880000	88.179273
12.890000	88.542619
12.900000	88.520221
12.910000	88.231060
12.920000	88.460152
12.930000	88.459062
12.940000	88.384450
12.950000	88.162357
12.960000	88.119255
12.970000	88.532102
12.980000	88.401634
12.990000	88.150017
13.000000	88.238533
13.010000	88.543246
13.020000	88.160673
13.030000	88.536583
13.040000	88.576213
13.050000	88.323933
13.060000	88.543732
13.070000	88.553639
13.080000	88.242314
13.090000	88.504917
13.100000	88.492984
13.110000	88.662246
13.120000	88.363685
13.130000	88.541888
13.140000	88.219437
13.150000	88.223345
13.160000	88.458164
13.170000	88.387828
13.180000	88.387697
13.190000	88.691216
13.200000	88.565959
13.210000	88.387029
13.220000	88.340615
13.230000	88.601215
13.240000	88.670471
13.250000	88.405953
13.260000	88.274005
13.270000	88.518321
13.280000	88.454889
13.290000	88.363395
13.300000	88.494880
13.310000	88.510022
13.320000	88.566423
13.330000	88.412458
13.340000	88.543927
13.350000	88.538478
13.360000	88.522392
13.370000	88.578344
13.380000	88.487845
13.390000	88.757264
13.400000	88.639731
13.410000	88.451814
13.420000	88.792436
13.430000	88.323350
13.440000	88.430718
13.450000	88.738571
13.460000	88.718143
13.470000	88.484595
13.480000	88.770173
13.490000	88.805906
13.500000	88.722471
13.510000	88.572375
13.520000	88.627018
13.530000	88.797744
13.540000	88.853399
13.550000	88.666906
13.560000	88.666838
13.570000	88.819551
13.580000	88.778089
13.590000	88.643100
13.600000	88.666341
13.610000	88.715578
13.620000	88.565821
13.630000	88.569079
13.640000	88.483295
13.650000	88.777076
13.660000	88.602478
13.670000	88.725522
13.680000	88.430125
13.690000	88.500555
13.700000	88.917645
13.710000	88.800095
13.720000	88.901909
13.730000	88.812553
13.740000	88.701813
13.750000	88.775984
13.760000	88.704041
13.770000	88.671844
13.780000	88.607276
13.790000	88.917077
13.800000	88.931655
13.810000	88.712224
13.820000	88.697424
13.830000	88.767785
13.840000	88.891506
13.850000	88.529976
13.860000	88.737801
13.870000	88.896476
13.880000	88.865610
13.890000	88.855951
13.900000	88.909864
13.910000	88.753699
13.920000	88.643472
13.930000	89.003027
13.940000	88.850527
13.950000	88.910029
13.960000	88.965811
13.970000	88.849120
13.980000	88.753486
13.990000	88.869435
14.000000	88.903131
14.010000	88.577429
14.020000	88.942453
14.030000	88.604545
14.040000	88.703027
14.050000	88.950143
14.060000	88.807906
14.070000	88.594729
14.080000	88.707907
14.090000	88.796392
14.100000	88.968698
14.110000	88.994241
14.120000	88.735197
14.130000	88.636751
14.140000	89.099316
14.150000	88.892556
14.160000	88.711668
14.170000	88.816973
14.180000	88.778536
14.190000	88.934209
14.200000	88.968413
14.210000	88.711541
14.220000	88.671857
14.230000	88.900736
14.240000	88.741474
14.250000	89.131820
14.260000	88.878726
14.270000	88.878622
14.280000	88.757369
14.290000	89.122394
14.300000	89.127601
14.310000	88.739423
14.320000	88.863360
14.330000	89.047867
14.340000	88.790622
14.350000	88.882183
14.360000	88.895800
14.370000	88.888133
14.380000	89.179030
14.390000	88.810971
14.400000	88.826074
14.410000	89.216511
14.420000	88.967938
14.430000	89.108865
14.440000	88.788828
14.450000	88.857096
14.460000	89.038706
14.470000	88.919193
14.480000	89.240023
14.490000	89.060570
14.500000	88.829418
14.510000	88.911675
14.520000	88.850113
14.530000	89.140809
14.540000	89.162767
14.550000	89.213107
14.560000	88.873526
14.570000	89.010493
14.580000	89.201793
14.590000	88.908086
14.600000	89.137289
14.610000	88.957819
14.620000	89.159557
14.630000	88.974963
14.640000	89.295824
14.650000	88.947830
14.660000	89.181662
14.670000	88.906124
14.680000	89.062642
14.690000	89.166957
14.700000	88.890370
14.710000	89.107691
14.720000	88.980142
14.730000	89.047058
14.740000	89.158120
14.750000	89.364720
14.760000	88.890154
14.770000	89.007666
14.780000	89.029758
14.790000	88.985570
14.800000	89.203178
14.810000	89.247945
14.820000	89.161726
14.830000	88.935099
14.840000	88.978283
14.850000	89.247239
14.860000	89.076102
14.870000	89.334002
14.880000	89.390799
14.890000	89.296434
14.900000	88.937970
14.910000	89.300204
14.920000	89.100307
14.930000	89.336375
14.940000	89.022916
14.950000	89.261569
14.960000	89.018602
14.970000	89.360788
14.980000	89.043720
14.990000	89.047909
15.000000	89.037797
15.010000	89.183003
15.020000	89.409420
15.030000	89.222904
15.040000	89.260871
15.050000	89.024357
15.060000	89.206266
15.070000	89.340280
15.080000	89.482598
15.090000	89.174446
15.100000	89.056743
15.110000	89.132833
15.120000	89.504094
15.130000	89.428883
15.140000	89.388841
15.150000	89.399752
15.160000	89.508993
15.170000	89.466590
15.180000	89.348914
15.190000	89.484403
15.200000	89.441116
15.210000	89.342418
15.220000	89.471712
15.230000	89.125120
15.240000	89.212005
15.250000	89.307160
15.260000	89.254178
15.270000	89.201512
15.280000	89.509006
15.290000	89.221343
15.300000	89.485511
15.310000	89.167136
15.320000	89.504697
15.330000	89.230795
15.340000	89.101928
15.350000	89.275419
15.360000	89.286089
15.370000	89.525333
15.380000	89.561909
15.390000	89.232580
15.400000	89.396907
15.410000	89.274952
15.420000	89.352159
15.430000	89.489956
15.440000	89.457360
15.450000	89.157432
15.460000	89.579930
15.470000	89.493008
15.480000	89.357717
15.490000	89.225765
15.500000	89.351074
15.510000	89.146972
15.520000	89.423391
15.530000	89.435773
15.540000	89.189653
15.550000	89.353959
15.560000	89.416583
15.570000	89.601871
15.580000	89.545322
15.590000	89.547398
15.600000	89.601982
15.610000	89.300030
15.620000	89.353708
15.630000	89.670467
15.640000	89.263614
15.650000	89.247074
15.660000	89.653076
15.670000	89.259787
15.680000	89.577817
15.690000	89.571397
15.700000	89.273604
15.710000	89.708371
15.720000	89.323411
15.730000	89.347627
15.740000	89.469287
15.750000	89.375947
15.760000	89.591227
15.770000	89.523473
15.780000	89.595285
15.790000	89.293569
15.800000	89.403488
15.810000	89.714076
15.820000	89.699776
15.830000	89.556038
15.840000	89.508378
15.850000	89.676271
15.860000	89.674673
15.870000	89.340740
15.880000	89.575824
15.890000	89.672127
15.900000	89.654479
15.910000	89.288438
15.920000	89.383565
15.930000	89.482592
15.940000	89.512903
15.950000	89.742996
15.960000	89.765311
15.970000	89.604666
15.980000	89.671284
15.990000	89.757285
16.000000	89.494327
16.010000	89.418551
16.020000	89.585142
16.030000	89.786894
16.040000	89.431553
16.050000	89.820871
16.060000	89.541323
16.070000	89.470748
16.080000	89.705057
16.090000	89.610008
16.100000	89.533773
16.110000	89.540677
16.120000	89.461308
16.130000	89.778552
16.140000	89.395095
16.150000	89.543727
16.160000	89.420498
16.170000	89.825729
16.180000	89.392423
16.190000	89.489360
16.200000	89.554236
16.210000	89.827325
16.220000	89.627029
16.230000	89.492965
16.240000	89.550541
16.250000	89.844308
16.260000	89.401356
16.270000	89.488000
16.280000	89.788115
16.290000	89.495217
16.300000	89.664284
16.310000	89.560692
16.320000	89.853590
16.330000	89.831877
16.340000	89.922711
16.350000	89.613734
16.360000	89.683667
16.370000	89.807022
16.380000	89.635881
16.390000	89.904897
16.400000	89.656054
16.410000	89.466459
16.420000	89.527259
16.430000	89.632288
16.440000	89.484165
16.450000	89.879540
16.460000	89.905970
16.470000	89.493539
16.480000	89.568449
16.490000	89.513994
16.500000	89.759947
16.510000	89.695005
16.520000	89.524010
16.530000	89.870557
16.540000	89.852745
16.550000	89.561478
16.560000	89.799857
16.570000	89.894120
16.580000	89.908204
16.590000	89.685468
16.600000	89.909187
16.610000	89.537618
16.620000	89.555708
16.630000	89.916178
16.640000	89.789922
16.650000	89.967038
16.660000	89.615945
16.670000	89.941782
16.680000	89.559904
16.690000	89.831627
16.700000	89.564673
16.710000	89.654423
16.720000	89.650527
16.730000	89.673311
16.740000	89.846338
16.750000	89.897158
16.760000	90.013766
16.770000	89.883487
16.780000	89.875515
16.790000	89.762581
16.800000	89.743589
16.810000	89.794644
16.820000	89.990095
16.830000	89.768610
16.840000	90.021411
16.850000	89.985264
16.860000	89.993629
16.870000	90.017910
16.880000	89.757790
16.890000	89.623001
16.900000	89.727748
16.910000	89.643546
16.920000	89.935856
16.930000	90.075595
16.940000	89.934224
16.950000	89.817178
16.960000	89.732726
16.970000	89.790341
16.980000	89.967632
16.990000	89.865035
17.000000	90.033771
17.010000	89.791473
17.020000	89.676428
17.030000	90.048173
17.040000	89.848526
17.050000	89.766553
17.060000	89.943911
17.070000	89.932412
17.080000	90.127452
17.090000	89.681294
17.100000	90.012194
17.110000	90.106351
17.120000	89.755803
17.130000	90.109906
17.140000	90.074732
17.150000	89.999756
17.160000	89.997970
17.170000	89.940250
17.180000	89.749341
17.190000	89.985846
17.200000	89.867952
17.210000	89.903192
17.220000	89.986236
17.230000	90.128462
17.240000	89.750255
17.250000	90.187984
17.260000	90.126554
17.270000	89.921539
17.280000	90.119352
17.290000	89.852665
17.300000	89.964609
17.310000	90.087555
17.320000	89.904889
17.330000	89.850646
17.340000	89.851599
17.350000	90.014388
17.360000	89.947412
17.370000	89.951864
17.380000	90.220742
17.390000	90.129838
17.400000	89.842656
17.410000	90.213962
17.420000	89.771707
17.430000	89.757156
17.440000	89.852170
17.450000	89.897814
17.460000	89.936425
17.470000	90.181178
17.480000	90.229759
17.490000	89.793507
17.500000	89.969120
17.510000	90.240777
17.520000	89.881201
17.530000	89.796268
17.540000	89.778807
17.550000	89.887886
17.560000	90.117325
17.570000	89.849231
17.580000	90.138174
17.590000	89.981135
17.600000	89.972463
17.610000	90.275366
17.620000	89.840531
17.630000	89.927255
17.640000	90.008408
17.650000	90.156734
17.660000	90.181426
17.670000	89.828818
17.680000	90.203432
17.690000	89.973901
17.700000	90.025280
17.710000	89.864670
17.720000	89.998052
17.730000	89.890718
17.740000	89.980808
17.750000	90.304388
17.760000	90.218974
17.770000	90.247192
17.780000	89.896553
17.790000	89.943437
17.800000	90.140698
17.810000	89.852359
17.820000	89.985529
17.830000	90.182680
17.840000	89.955206
17.850000	90.200291
17.860000	89.913669
17.870000	90.086115
17.880000	89.928727
17.890000	90.127679
17.900000	89.998760
17.910000	89.952916
17.920000	90.086382
17.930000	90.157442
17.940000	90.030993
17.950000	90.251017
